4038
10525
10511
12002
11999
12011
11995
12040
12025
12030
11999
11976
11998
12040
5979
11908
12023
11994
12031
11974
12051
12027
12042
11760
12021
11950
11907
12029
12010
12025
5306
11743
12033
12045
12007
12031
12013
12012
12020
12020
12048
12022
12024
11929
11999
11996
12037
11987
12039
12038
12021
11993
11980
12057
12007
11871
12006
12043
5984
11971
11924
12017
12037
11998
12038
12034
12028
12019
12015
12032
12051
12017
12002
12020
12043
12031
11897
11995
12013
12040
11955
11986
12012
12030
12046
11972
12025
12031
12022
11998
11957
12030
12010
11996
12017
12031
11974
11971
11987
12019
12023
12025
12034
12008
12016
5985
12017
12031
11990
12036
11962
11980
12010
12013
12002
11995
11990
11942
12021
12033
11363
11898
11969
12032
12051
11997
11990
12028
12000
12017
10444
12019
12004
11978
12044
12026
12017
12019
11997
12047
12061
11992
11995
12011
12038
12039
12014
11914
12013
12017
12022
12002
11987
12029
12030
11988
12050
12017
12008
11983
12030
11991
11928
12001
11956
12022
12019
12033
12003
12009
12055
12054
12019
11992
12025
12015
12035
11992
12020
12021
12041
12032
11966
12039
12045
5988
11992
12016
12057
12045
12001
11949
12030
12017
12025
11968
11913
12041
12036
11987
12009
12017
12008
11991
12036
12022
12006
11989
11980
12047
12007
12019
12024
12030
12034
12009
11980
12021
12010
12035
12035
11983
12025
12009
12045
11987
12040
12037
12022
12037
12046
12008
12036
12009
11978
12033
12033
12026
11956
11998
12037
12030
12000
11979
12050
12010
12033
11987
12014
11989
12011
12035
11986
12022
12021
12015
11980
12023
12054
12013
11997
11990
12043
12040
12030
12017
12002
12017
12034
12004
12011
12038
12019
12017
11999
11994
12004
12027
12033
11986
11961
12014
12008
11998
11978
11986
12036
12032
12017
11995
11989
12025
11972
11999
11985
12033
12041
12015
11951
12005
12045
12019
11980
11995
12019
12019
11999
12006
12039
12018
12021
11994
12040
12038
12020
11994
12007
12046
12038
12053
12000
5905
12004
11993
12029
12002
12028
12006
12008
12031
12013
12028
12028
12004
12037
12026
11966
12044
12011
12019
12000
12012
11995
12013
12020
11992
12044
11981
12015
11988
12018
12035
12028
11980
11995
12031
12041
12028
11989
12030
12022
12013
11983
11998
12029
12021
11993
12015
12026
12041
12038
11970
12029
12050
12006
11962
12024
12053
12032
11920
12032
12027
12021
12006
12010
12025
12024
12029
12000
12012
12029
12015
12028
11980
12012
12011
12022
11994
12043
12007
12027
12012
12008
12011
12050
12032
11953
12028
12047
12041
11979
11979
12039
12031
11983
12010
12018
11983
12011
11295
11990
11995
12013
12024
12016
12000
11979
12027
12020
12036
11999
12044
11991
12018
12007
11932
12050
12039
12008
12013
11983
12037
12031
12009
11979
12067
12014
12016
12016
12009
12014
12046
12021
12008
12031
12013
12036
12059
11985
11953
12004
12043
12013
12058
12042
12008
11976
11992
12037
12037
12026
11969
12000
12036
12041
11999
11992
12038
12039
12024
11982
12022
12024
12045
12008
12005
12030
12023
11975
12044
12018
12008
12013
11994
12030
12038
12010
11973
12032
12047
12021
11980
12007
12031
12022
12013
11981
12034
12004
12035
12031
12029
12032
12046
12001
12010
12027
11341
12015
11983
11981
12019
12025
12046
11980
12002
12051
12040
12007
11995
12029
12029
12032
12001
12034
12034
11989
11990
12010
12039
12016
11980
12000
12046
12032
12040
12017
12023
12018
11988
11986
12045
4504
12017
12012
11996
11995
12031
12028
12033
11985
12029
12042
12023
12020
11985
12013
12027
12026
11976
12037
12026
12019
11946
12011
12016
12016
12005
11983
12005
12013
12031
11987
12018
12056
12014
12023
11991
12030
12000
11988
11982
12051
12012
12044
11976
11982
12010
12025
12021
11986
12036
12011
12022
11991
11935
12045
12030
12046
12009
11994
12040
12040
12011
12008
11989
12031
12040
12018
11992
12026
12032
12012
11976
12022
12023
12028
12015
11971
12011
12041
12028
12006
12055
12013
12009
12001
12030
12034
12033
12058
12006
12068
12023
12035
11984
12040
12027
12014
11985
11996
12042
12016
12034
12004
12032
12016
12045
11971
12020
12006
12024
11978
11985
12039
12026
12020
11953
12029
12008
12017
12015
12023
12012
12019
12038
11989
12037
12022
12024
11974
12038
11948
12019
11965
12034
12034
12032
11965
12033
12026
12028
12038
11987
12040
12044
12019
11991
12007
12045
12024
11976
12037
12052
12022
11982
12050
12027
12029
11986
12035
12028
12044
11977
11960
12013
12019
12023
11982
12018
12049
12015
12002
12021
12054
11976
11966
11925
11996
11955
12002
11529
11972
12006
12018
12012
12004
11929
12036
11941
12034
11964
11994
12033
12031
11916
12025
11987
12005
12022
12027
12003
12024
12013
12024
12031
11964
11944
12035
11994
12018
12026
12003
12016
12026
12037
12013
12055
11996
11998
12032
11977
11991
11972
12024
12047
12042
12015
12041
12042
11992
12024
11988
12009
12030
11794
12007
12000
12049
12051
12019
12024
12015
11924
12013
11485
11959
12018
12016
12039
11997
12050
12026
12032
11970
12021
12008
12025
11996
11980
12024
12028
12019
12045
11991
11953
12037
12044
11956
11985
12025
11998
12002
12002
12037
12034
12017
11964
12023
12016
12045
12027
11998
12015
12026
12001
11920
12055
12027
12022
12023
11964
12037
12019
11963
12012
11995
12005
12022
11964
11970
12026
12026
12007
12027
11972
12025
12022
12029
11980
12010
12012
12017
11986
12022
12032
12048
11967
12029
12023
12045
12032
11993
12022
12019
12031
11992
12036
12010
12027
12012
12038
12009
12041
11976
12016
11990
12028
12026
11954
12028
12002
12055
11990
11980
12019
12016
12014
11983
12028
12023
12018
11998
12046
12021
12010
11982
12056
12023
11996
12027
12011
12011
12033
12034
12017
11995
12030
12034
12026
11998
12001
12013
12027
12015
11914
12022
12039
12036
12006
11995
12023
12019
12014
12013
12038
12004
12019
11962
12031
12004
12040
11975
11993
11994
12030
6344
12022
12014
12019
12013
11983
12031
12030
12026
12006
12055
12032
12016
11997
12006
12029
11997
12029
12022
12017
12021
12027
11979
12018
12033
12023
12020
12000
12041
12008
11976
12038
12026
12019
12008
11990
12036
12025
12020
11987
11941
12048
12015
11985
12027
12057
12021
11987
11948
12034
12046
12012
12015
12003
