2376
6701
6717
6710
6564
6734
6717
6714
6572
6692
6667
6739
6009
6788
6763
6697
7202
7001
7182
7154
7194
7195
7027
7205
7175
7181
7047
7190
7173
7165
7180
7033
7224
7221
7184
7199
7024
7207
7167
7233
7182
6929
7171
7183
7193
7039
7218
7226
7224
7182
7000
7200
7200
7197
7195
6939
7162
7191
7190
7179
6774
7640
7634
7629
7624
7411
7665
7623
7614
7612
6810
7639
7662
7639
7624
7469
7686
7645
7701
7682
7499
7716
7673
7648
7727
7513
7673
7700
7606
7669
7502
7656
7718
7670
7678
7517
7672
7679
7690
7660
7487
7653
7678
7637
7656
7493
7665
7706
7683
7649
7462
7716
7660
7655
7643
7407
7668
7672
7220
8121
8099
7163
8185
8168
8162
8139
7948
8156
8132
8175
8148
7977
8128
8178
8153
8162
8136
7956
8143
8176
8185
8179
7960
8146
8141
8179
8164
8210
7995
8137
8166
8177
8178
7933
8119
8171
8164
8170
7945
8168
8173
7998
8138
8166
7923
8201
8144
8134
8178
7949
8208
8101
8170
8149
8153
7255
8643
8670
8619
8664
8442
8611
8628
8681
8622
8666
8446
8621
8608
8634
8653
8671
8426
8616
8663
8652
8693
8432
8669
8665
8673
8666
8669
8450
8610
8609
8662
8637
8648
8432
8636
8671
8671
8611
8587
8440
8676
8643
8682
8618
8381
8624
8636
8647
8670
8619
8423
8626
8626
8621
8680
8610
8393
8649
8608
8649
8660
8629
8330
8191
9128
9103
9120
8886
9134
9133
9105
9105
9105
8878
9145
9150
9122
9141
9134
8893
9127
9095
9125
9128
9162
9153
8917
9122
9147
9097
9159
9089
8898
9102
9120
9161
9103
9140
8847
9129
9127
9140
9145
9132
8896
9127
9124
9139
9100
9121
8916
9153
9114
9131
9118
9168
8907
9154
9123
9171
9123
9068
8907
9122
9124
9090
9118
9110
8774
9109
8567
9604
9660
9625
9387
9629
9581
9626
9611
9599
9342
9601
9570
9585
9614
9617
9594
9416
9617
9591
9620
9629
9640
9393
9578
9598
9629
9590
9608
9601
9158
9585
9605
9608
9585
9592
9289
9632
9624
9600
9585
9612
9364
9616
9614
9601
9643
9581
9596
7807
9639
9631
9581
9623
9636
9334
9622
9568
9624
9616
9600
9390
9563
9577
9642
9603
9648
9595
9300
8914
10107
10105
10112
10075
9856
10059
10096
10117
10052
10117
10098
9847
10118
10108
10115
10071
10103
10094
9895
10108
10079
10055
10105
10142
9855
10090
10106
10098
10075
10054
10130
9841
10125
10067
10113
10077
10114
10080
9870
10093
10087
10074
10056
10084
9838
10088
10098
10082
10086
10076
10114
9889
10102
10055
10068
10122
10137
10078
9874
10092
10104
10074
10070
10084
9879
10088
10040
10115
10106
10056
10102
9654
10052
10109
8879
10569
10593
10556
10276
10592
10588
10559
10596
10568
10534
10301
10549
10546
10570
10609
10554
10521
10288
10563
10603
10580
10562
10576
10583
10371
10587
10555
10590
10579
10540
10579
10356
10638
10530
10548
10590
10649
10559
10347
10567
10541
10547
10571
10590
10587
10321
10548
10553
10597
10580
10546
10563
10299
10584
10537
10563
10580
10595
10557
10323
10566
10584
10548
10588
10541
10500
10344
10577
10545
10610
10528
10563
10544
9119
10615
10577
10637
10635
10649
10648
10404
10631
10599
10596
10590
10633
10614
10366
10649
10610
10570
10598
10650
10658
10333
10625
10597
10634
10572
10600
10594
10376
10622
10595
10655
10626
10561
10650
10348
10603
10603
10611
10604
10604
10604
10388
10584
10596
10591
10575
10682
10626
10399
10580
10559
10611
10582
10640
10612
10343
10603
10551
10660
10665
10626
10583
10359
10596
10587
10581
10646
10625
10650
10356
10599
10637
10620
10604
10653
10580
10368
10663
10605
10615
10613
10586
10572
10375
10523
10596
10631
10555
10609
10603
10408
10514
10597
10620
10630
10632
10603
10618
10394
10592
10615
10572
10612
10566
10580
10352
10590
10608
10631
10649
10594
10613
10399
10609
10665
10601
10543
10572
10647
10359
10603
10593
10628
10588
10616
10591
10410
10632
10579
10570
10646
10530
10620
10386
10588
10607
10605
10593
10610
10640
10359
10583
10620
10600
10586
10630
10613
10414
10604
10594
10624
10631
10634
10641
10189
10594
10672
10605
10636
10581
10642
10270
10619
10611
10580
10622
10606
10602
10376
10649
10556
10606
10611
10596
10615
10322
10591
10660
10614
10622
10606
10653
10335
10625
10630
10590
10591
10580
10619
10373
10554
10631
10622
10553
10633
10642
10331
10584
10561
10631
10668
10635
10545
10363
10628
10545
10591
10627
10565
10633
10373
10585
10577
10542
10607
10576
10597
10372
10584
10580
10614
10648
10595
10631
10368
10662
10639
10614
10597
10582
10582
10357
10637
10624
10645
10601
10599
10625
10339
10633
10610
10625
10600
10615
10603
10364
10587
10653
10602
10621
10648
10626
10578
10389
10576
10607
10615
10631
10562
10585
10339
10620
10572
10635
10608
10640
10593
10336
10557
10561
10615
10648
10599
10599
10364
10631
10586
10609
10598
10607
10600
10380
10558
10573
10594
10606
10635
10595
10384
10583
10601
10628
10606
10636
10618
10337
10612
10601
10588
10617
10590
10668
10349
10590
10613
10627
10632
10600
10621
10319
10628
10620
10534
10550
10607
10604
10332
10589
10654
10637
10583
10639
10609
10334
10633
10649
10629
10608
10650
10634
10356
10586
10621
10636
10581
10552
10612
10375
10605
10567
10629
10637
10647
10571
10403
10573
10648
10646
10619
10580
10633
9334
10604
10537
10596
10609
10637
10575
10363
10644
10617
10634
10630
10679
10599
10383
10604
10620
10573
10616
10621
10588
10362
10634
10609
10580
10628
10563
10671
10360
10593
10639
10595
10634
10635
10650
10310
10575
10630
10656
10636
10598
10639
10365
10616
10633
10568
10636
10658
10618
10325
10699
10595
10602
10632
10618
10625
10362
10595
10580
10587
10595
10619
10586
10361
10603
10615
10632
10669
10593
10573
10271
10552
10637
10630
10608
10574
10606
10576
10325
10664
10581
10580
10627
10616
10634
10255
10573
10676
10611
10657
10582
10637
10321
10584
10545
10602
10667
10594
10632
10339
10617
10612
10657
10599
10580
10636
10316
10645
10604
10549
10617
10608
10612
10343
10541
10613
10611
10615
10584
10554
10349
10528
10643
10592
