3976
10518
10501
10524
10490
10522
10480
10479
10537
10489
10545
10490
10446
10470
10520
10531
10464
10509
10488
10510
10531
10507
10514
10478
10530
10494
10527
10501
10487
10536
10490
10522
10493
10530
10553
10498
10540
10488
10544
10497
10533
10512
10481
10444
10475
10505
10491
10461
10507
10491
10534
10489
10524
10491
10508
10512
10498
10502
10487
10537
10451
10533
10516
10463
10511
10491
10530
10479
10540
10537
10489
10518
10504
10532
10483
10539
10511
10503
10506
10486
10518
10480
10518
10525
10498
10519
10509
10527
10495
10506
10526
10478
10526
10497
10536
10484
10512
10518
10284
10510
10473
10524
10496
10538
10505
10500
10502
10510
10522
10482
10526
10514
10512
10532
10489
10500
10494
10517
10493
10508
10518
10502
10502
10484
10510
10543
10492
10480
10458
10522
10484
10518
10520
10515
10522
10459
10502
10499
10516
10522
10472
10511
10504
10519
10498
10545
10515
10500
10533
10471
10546
10498
10513
10533
10488
10424
10449
10499
10462
10535
10520
10480
10525
10506
10504
10509
10524
10540
10480
10529
10488
10545
10473
10522
10541
10501
10524
10485
10527
10480
10523
10547
10480
10517
10473
10512
10503
10538
10492
10504
10517
10497
10530
10505
10532
10497
10499
10483
10485
10520
10480
10516
10524
10480
10518
10479
10519
10472
10505
10511
10499
10536
10470
10505
10489
10513
10509
10492
10505
10497
10517
10480
10524
10510
10484
10525
10521
10527
10487
10484
10535
10485
10532
10510
10507
10505
10529
10519
10502
10540
10479
10528
10503
10504
10524
10486
10355
10493
10501
10491
10536
10514
10520
10537
10488
10520
10537
10493
10420
10479
10525
10487
10535
10505
10479
10508
10498
10529
10497
10534
10523
10520
10528
10506
10509
10476
10510
10535
10516
10542
10485
10496
10460
10519
10511
10499
10508
10496
10513
10493
10500
10525
10474
10529
10475
10519
10499
10508
10518
10458
10504
10475
10505
10471
10513
10493
10490
10485
10513
10531
10461
10454
10518
10404
10531
10446
10519
10469
10503
10473
10535
10515
10507
10514
10489
10512
10531
10502
10513
10494
10525
10498
10865
11796
11730
11795
11791
11790
11739
11657
11864
11905
11828
11832
11852
11798
11821
11672
11901
11882
11914
11924
11924
11857
11905
11788
11963
11899
11946
11936
11938
11921
11947
11794
11926
11974
11937
11981
11939
11997
11910
11802
11988
12006
12012
12003
11991
11987
11995
12013
11961
12025
12041
12025
11988
11769
11988
11973
11926
11970
11984
11991
11940
12021
11979
11995
11922
12016
12002
12020
11962
12022
12015
11995
11972
12002
11999
11995
11957
12000
12004
11994
11945
12000
12010
11957
11977
12000
12006
12016
11995
12009
11994
11979
11983
12033
12003
11996
11978
11992
11999
12011
11959
11997
11993
12009
11982
12019
11988
11990
11961
12043
11986
12023
11941
12004
12006
12010
11979
11980
12005
12038
11992
11999
11946
12003
11996
12000
11986
12003
11974
12026
11985
11978
11975
12029
11989
11948
11984
11994
11988
12008
11977
11996
11999
12013
11964
11991
12019
12010
11936
12001
11989
12017
11968
11992
11979
12025
11967
11972
12033
11983
11972
12003
12022
11997
11995
12033
12007
12019
11983
11968
11995
12009
11983
11992
12007
11534
11946
11987
11985
12000
11971
12007
12008
12015
11970
11976
11998
11959
12029
11989
11999
11983
11990
11985
11979
11980
11996
12009
11988
11988
12027
11999
11997
11947
11990
11988
12007
11987
12006
11997
12022
11952
12021
11953
12005
11957
11981
11990
12002
11987
12012
11998
12023
11950
12012
12008
12017
11979
12016
12021
12009
11983
12010
12003
11934
11969
12006
12011
12004
11957
11983
11993
11982
11841
11991
12015
11995
11974
11988
12007
11991
11958
11997
12032
11994
11976
11983
12001
12033
11957
12015
12008
12016
11958
12028
12006
11990
11951
12019
12011
12005
11942
12009
11939
12012
11943
11982
12033
12017
11969
12002
12015
12013
11950
12018
12005
12018
11975
11999
11989
11991
11966
11993
12010
12011
11964
12002
12010
12003
11939
12002
11988
12001
11978
12030
12028
12012
11977
11986
12021
12008
11959
11999
12015
11992
11984
12007
12002
11994
11989
11999
11969
11994
11959
12006
12008
11989
11972
12042
12008
11976
11964
12023
12044
11991
11961
11988
11512
12000
11969
12018
12009
12021
11964
11996
12015
12020
11991
12022
12005
12022
11960
11997
12007
11994
11973
12019
11992
12008
11960
11998
12024
11984
11935
12008
11999
12012
11964
11931
12004
12026
11978
12024
12030
11995
11964
11988
12003
12007
11956
11830
12004
12003
11978
11985
11961
12017
11943
11997
12021
11992
11955
12007
11996
11943
11955
11992
11922
12001
11971
11998
12003
11994
11954
12012
11998
11946
12014
12022
11986
11995
12020
11969
12016
11908
11987
12002
11987
11960
11991
11985
11990
11963
12037
12025
11979
11947
12025
12021
11976
11860
11990
12006
12026
11903
12017
12006
12004
11986
12017
11968
12009
11944
11968
11973
11993
11960
11998
12022
12012
11955
12017
11998
11992
11960
11886
12014
11988
11987
11987
12011
12000
11919
12004
12018
11988
11973
12013
11998
11850
11941
12001
11940
11975
11956
11954
12011
11978
11973
12021
11996
11996
11984
11988
11991
12021
11985
12016
12018
12020
11982
12020
11983
11987
11934
12005
12021
11995
11929
12030
11995
12029
11975
11991
12008
12013
12005
12007
12002
11994
11946
12007
12011
12007
11969
11968
12003
11985
11985
11985
12040
11997
11950
12019
12010
12011
11953
11992
12013
12042
11948
11995
12010
11998
11953
11988
12005
12025
11963
12024
12009
11990
11959
12004
12013
11982
11972
12012
12018
12015
11978
11999
11999
12010
11968
12023
12009
11979
11967
12005
12013
11999
11942
12019
11985
12000
11991
12018
12038
12001
11976
12022
11985
12038
11958
12025
11996
11999
11849
12013
11999
11868
11981
11987
11997
12020
11993
12014
11995
12026
11978
12016
11996
12022
11962
12011
12006
11976
11958
12016
11997
12003
11968
11976
12000
12013
11941
12003
12024
11993
11968
11991
12016
12019
11837
11953
11973
11981
12009
11956
11988
11979
12022
11985
12015
12038
11962
12002
11790
11951
12010
12022
12003
11978
12037
12012
11976
11998
12048
11997
11997
11939
11998
12003
11982
11957
12012
11996
12011
11902
12001
12008
12004
11947
11970
12003
11994
11985
11984
11992
11926
11932
11819
11986
11966
11979
12017
11964
