2366
8495
9010
9974
10371
10460
10440
10222
10035
10211
10472
10444
10469
10416
10494
10433
10392
10545
10434
10435
10441
10453
10515
10436
10447
10461
10497
10480
10467
10390
10491
10463
10140
10147
10114
10186
10189
10457
10449
10402
10474
10468
11678
11558
11900
11917
11932
11979
11911
11950
11660
11924
11910
11936
11897
11958
11867
11974
11935
11896
11937
11694
11966
11934
12010
11946
11990
11937
11664
11992
11927
11928
11937
11976
11964
11913
11921
11897
11945
11773
11934
11906
11924
12003
11957
11963
11662
11911
11920
11989
11884
11977
11893
11669
11963
11953
11964
11896
11981
11923
11962
11919
11925
11948
11696
11972
11951
11891
11926
11907
11902
11671
11954
11919
11972
11950
11951
11923
11650
11953
12010
11929
11691
5289
6598
7727
8401
9143
10049
10184
10113
10348
10563
10565
10501
10513
10622
10538
10531
10531
10533
10506
10491
10560
10567
10425
10517
1711
10417
10255
10221
10171
10277
10438
10461
10463
10337
10490
10474
10501
10417
10476
10473
10408
10490
11757
11806
11806
11894
11732
11959
11997
11994
11980
11964
11964
11687
11993
11988
11882
11974
11969
11985
11983
11921
11952
11961
11652
11993
11895
11923
12017
11993
11933
11695
11914
11992
11986
11934
11990
11886
11943
12014
11992
11923
11668
11974
11968
11913
11961
11984
11938
11658
11913
11947
11964
11906
11944
11946
12020
11968
11907
11919
11698
11972
11917
11879
12027
11986
11915
11645
12030
11963
11970
11951
11974
11947
11992
11837
11384
11978
11983
11931
11964
11976
11962
11639
11999
11961
11858
11862
11850
11932
11656
11974
11862
11970
11804
11978
11920
11430
11931
11953
11955
11953
11977
11980
11684
11951
11998
11944
11881
12006
11974
11879
11947
12004
11896
11697
11985
11898
11987
11956
11908
11930
11702
12010
11971
11952
11933
12029
11946
11946
11944
11918
11987
11428
12016
11915
11899
11906
12009
11942
11638
11994
11812
11956
3844
11942
11979
11999
11938
11976
11991
11968
11952
11927
11987
11914
11926
11942
11978
11988
11972
11936
11963
11917
11974
11696
11918
11963
11959
12058
11986
11948
11601
12025
11990
11973
11697
12037
11961
11977
11985
11993
11975
11663
11959
11974
11922
11943
11994
11955
11715
11931
11947
12013
11657
11935
11939
11949
11989
12010
11973
11654
11955
11964
11812
11890
11977
11998
11949
12020
12008
11982
11638
11981
11970
11987
12021
11928
11935
11682
11948
11932
11917
11998
11934
11960
11950
11960
11944
11940
11661
11984
11943
11918
11958
12033
11973
11652
11990
11933
11955
11764
11967
11966
11899
12000
11983
11965
11635
11813
11967
11775
11942
11967
11997
11689
12001
11809
11949
11967
11974
11950
11740
11978
11955
11910
11695
11991
11952
12023
11968
11951
11995
11688
11943
11972
11855
11975
11945
11929
12008
11970
11948
11764
11642
11969
11950
11943
11953
11929
11937
11675
11948
11939
11951
11923
12048
11991
11910
12012
11945
11979
11674
11993
12001
11778
11952
12018
11943
11634
12009
11985
11934
11959
11959
11919
11945
11839
11896
11968
11887
11951
11935
11709
11937
12007
11999
11738
11913
11960
11891
11989
11941
11911
11665
11933
11954
11972
11961
11988
11970
11887
11975
11894
11949
11712
12015
11911
11942
11983
12021
11977
11647
12001
11899
11931
11948
12049
11956
11907
11945
11974
11953
11687
11916
11907
11931
11969
12010
12007
12011
11985
3808
11934
11989
11995
11703
11963
11911
11961
11972
11962
11994
11957
11992
11919
11985
11630
11922
11948
11925
11923
11892
11458
11417
11976
11933
11989
12004
12005
11934
11638
11930
11951
11955
11912
11948
11944
11959
11994
11950
11943
11294
12002
11862
11976
11977
11965
11960
11696
11856
11929
11890
11956
11987
12000
11696
11963
11893
12005
11941
11887
11908
11703
11987
12010
11989
11967
11937
11996
11976
11939
11967
11923
11635
12046
11754
11931
11974
11984
11932
11649
11900
11158
11884
11898
11980
11994
11623
11994
11912
11966
11953
11976
11924
11999
11943
11963
11652
11928
11966
11947
11999
11996
11990
11928
11675
12030
11939
11965
11791
11883
11956
11650
11943
12019
11949
11929
11938
11977
11980
11948
11878
11969
11700
12010
11992
11984
11964
12034
11951
11663
12022
11950
11951
11724
11964
11955
11956
11991
11969
11943
11653
11926
11993
11945
11916
11931
11925
11906
11966
11983
11947
11642
11948
11911
11936
12012
11959
12018
11636
11973
12019
11748
11922
11916
11957
11951
12001
12029
11909
11499
11977
11994
11938
11915
11992
11949
11695
11980
12007
11925
11680
11943
11945
4778
12004
11899
11969
11982
11983
11944
11951
11964
11978
11650
11941
11966
11991
11958
11921
11984
11633
11979
11968
11816
11966
11918
11922
11706
11918
11941
11941
11821
11930
11943
11990
11909
11961
11957
11579
11972
11915
11941
11900
11955
11988
11630
12049
12002
11961
11681
11921
11931
11962
11994
11937
11963
11608
11875
11991
11989
11930
12008
11976
11445
11962
11956
11958
11930
11961
11995
11899
11959
11969
11998
11707
11934
11910
11942
11964
11881
11893
11665
11979
11970
11922
11976
11963
11947
11909
11980
12019
11839
11724
11989
11993
11950
12017
11990
11987
11584
12028
11965
11943
11961
11958
12017
11678
11980
11945
11905
11953
11970
11998
11910
12011
11914
11959
11694
11968
12010
11924
11990
12005
11995
11633
11979
11969
11969
11708
11883
11971
11961
11945
11899
11909
11670
11950
11899
11910
11893
11930
11951
11987
11944
11961
11972
11693
11999
11949
11929
11907
11996
11951
11667
12005
12028
11939
11978
12003
11968
11945
11973
11995
11929
11573
12000
11951
11928
11879
11978
11998
11695
11991
11917
11932
11885
11999
11988
11647
11964
11993
11926
11686
11954
11989
11964
11850
11977
11929
11687
11919
11970
11952
11964
11858
11953
11618
12018
11953
11946
11964
11981
11928
11595
11926
11935
11931
11979
12024
11963
11968
11955
11930
11915
11602
11979
11989
11982
11990
11975
11866
11705
12015
11969
11898
11935
11991
11983
11656
11926
11959
11966
11957
11948
11952
11948
11993
12011
11913
11640
11962
12004
11966
11933
11988
12014
11642
11870
11946
12001
12022
11978
11951
11931
11794
11929
11948
12021
11999
11976
11922
11969
11954
11944
11655
12012
11913
11934
12036
11998
11941
11692
11936
11945
11986
11911
11986
11936
11910
11965
11979
11852
11577
11944
11981
